702736
223874
148254
630069
950696
445419
238845
139801
312126
883357
615762
209497
166246
882273
195795
842227
12357
910059
354343
173975
789713
946032
309622
147566
130516
22782
737212
989119
704954
354277
590528
585756
341427
890914
871517
967289
580681
723929
725076
966804
906005
772394
418059
44982
47585
833569
412777
830116
532558
454335
846834
510761
644286
279833
116216
353673
70257
532298
412996
626011
386758
834398
40232
480554
820985
633992
154944
791557
991898
14849
157945
395833
739991
686643
684540
71179
682398
532568
390316
546921
835852
965511
679560
950119
451599
547096
832974
202356
445041
641133
937367
873908
120520
788208
717110
493266
203970
69118
589224
547527
211212
766292
606534
32061
827076
254511
899117
714077
150854
615073
822678
537646
782913
897919
530382
406428
785879
950132
462251
488325
857226
707995
969176
452800
841371
19594
335755
918971
785536
534751
255329
436904
842488
684072
250269
470238
893811
753876
873374
631710
436623
183268
463482
794775
509505
277250
797585
848811
861487
155804
87
604196
920266
920545
351291
984514
513647
122897
120294
807692
32974
825198
583164
50308
990924
515355
22435
46355
814359
715689
566525
683783
879475
951943
377066
555687
466560
622449
335674
135099
737822
650894
33112
70782
894412
377413
109939
200506
762413
147230
292795
654602
343630
509141
740292
593698
150783
462557
785950
645075
987861
521481
659394
105156
634187
278388
516863
258674
156021
905661
811447
655881
301161
295112
820176
8187
124482
548723
208843
453521
49144
40825
247154
577508
357153
484073
344443
902903
933877
323970
719884
299435
446942
336764
778468
331662
398408
641408
66333
870592
336336
531992
983923
803395
15926
816301
298235
960210
167451
298770
815268
713323
834350
532808
548854
484369
131601
233478
661763
192530
14619
543233
397621
308104
548735
320863
320230
830180
359798
569519
510175
494523
853629
84791
454428
752391
535959
943382
600183
923839
275413
80613
631213
913476
781218
745673
843070
610258
236361
839972
676627
74219
426036
174737
423508
513043
53254
508063
966016
119012
49153
762628
305650
218732
677818
378443
350712
803825
845010
378349
35584
77923
309058
44957
994019
600340
354061
710904
216339
343325
910483
237382
209780
388058
595933
809604
109146
717746
170099
566087
805988
827922
138501
685175
708949
839938
640147
153463
461867
436835
60756
715520
237564
60568
790529
517943
366016
710750
988791
27148
406372
240439
56909
401132
295116
895698
826034
98229
195038
642007
352854
914030
674333
941930
313363
818413
728339
457230
28408
847897
395776
956312
292099
89034
72685
656
948344
626409
727579
769213
580309
422221
57750
374399
426658
509069
179751
134443
797459
373672
403165
303539
142464
830650
935479
549722
704450
523892
686963
640487
241998
222184
764214
39991
625102
79929
665431
541538
62083
399791
145521
540362
525426
820386
866006
516771
884006
199786
25009
752240
854785
614603
663503
342706
811765
452419
863536
970797
44434
585305
590396
387753
547344
823206
743474
840467
481104
452068
58663
502488
965195
229761
764971
95259
115198
695416
890067
140345
599160
594649
567968
939809
26728
494591
435545
411121
895221
293658
493525
922744
254569
179533
471707
854958
150811
628153
861773
482289
877464
708995
648786
600197
438401
181677
459558
883101
775624
371567
319937
801442
112226
247057
765661
543917
665205
701241
826894
756404
425703
109583
404276
106669
653089
664744
656224
463135
414758
920502
645217
251693
807370
459864
914826
994505
740331
86407
42116
763338
978376
688697
673424
94856
433624
687926
589960
643679
179643
760212
463040
189143
252349
442525
41381
569145
892004
537159
767724
63219
858615
537424
624269
801257
902244
755390
949277
96043
687832
360814
161479
499957
3875
372006
204767
40185
764611
487609
469563
614068
357309
669086
51643
673986
472074
227233
125510
233565
647896
373648
300682
587641
46651
758482
958070
287710
123467
901254
705059
862726
761787
663913
585379
467917
463900
373114
816100
563440
857265
532699
973609
27251
39444
923433
870184
502396
74921
599800
879240
410081
582506
428701
769483
795065
239297
975606
924380
448386
906931
172049
312928
287640
983267
350995
749040
79931
490555
131552
289793
695998
869009
665416
798946
636379
293464
245935
660381
974302
294570
941193
959079
267211
356893
485269
419054
963902
991423
7871
567174
85023
69328
797880
863121
342012
664504
165001
984941
535134
444509
482510
330651
437656
149165
688340
311619
231509
832465
391677
349550
734872
720578
485532
944840
784748
293336
370247
833487
955788
517496
709550
670211
644568
787621
185682
465736
828430
602773
35862
140420
116269
531783
543101
415610
97294
140137
650363
754861
171244
367503
201317
422828
62407
195979
22792
338734
62478
406806
20452
48116
881419
888839
49390
488836
396197
731837
370761
149939
827692
728654
523974
744740
915986
767479
609418
434242
686697
580204
242491
326263
230017
924285
758197
690606
385912
609499
456962
814955
56031
933435
819305
333202
112141
275534
454635
61393
585400
942673
608286
261453
363426
3493
494337
420304
654554
991634
892173
896458
385961
472461
251662
837750
374026
515771
592496
156287
808670
660712
548496
62688
448592
54672
247492
377452
378405
670982
482672
805448
559156
776794
521304
74510
154635
431736
746323
745602
570665
771141
369894
551502
37275
720398
58997
60264
501669
509706
276246
937763
791766
822325
269430
532463
350213
125592
988708
617803
267123
993885
631894
827765
843003
317594
392657
61283
279884
874951
377960
11448
115009
408129
795423
429615
753858
354264
785915
407137
923191
970731
421679
98571
298442
140216
882106
897047
52978
423824
1930
311446
900275
519131
275761
202259
447230
343504
600535
264573
283486
661828
782885
898771
841369
489851
275260
542167
454878
202091
280209
121440
263940
170020
911889
552564
83082
212405
993351
222740
985256
380723
594769
504655
32619
638915
615785
493752
481888
994237
943850
670023
401559
456738
764795
833972
806368
454927
963915
104369
764610
225647
941037
511052
236521
499212
69218
726002
190524
69126
892269
677493
169078
192296
933891
876098
863155
613130
836059
790750
786357
102958
658557
952791
190004
234565
366407
278821
520651
511665
393017
129093
788330
29600
145010
182196
61694
92398
212581
277621
582062
790830
568787
702873
19574
863044
429500
76137
900483
943116
635408
648611
185252
656155
207711
272891
237116
468910
635232
445559
241692
234635
248619
601948
263153
176763
744150
286651
959849
441208
297390
254087
381964
69047
415064
171671
612490
239396
477616
809632
510939
560785
399520
54780
853359
364866
347154
609615
327825
887841
378533
859681
461404
192060
529589
123917
997033
377577
968934
32914
338404
234217
708569
356877
631883
715442
266110
320876
295457
117935
155540
209566
381247
913643
269478
587306
608074
309692
243226
546110
20328
608491
567557
467554
832603
71136
534544
137969
349796
476402
765530
358547
890186
804508
656067
124096
408268
48377
710425
245357
954136
792184
722736
348880
791155
60243
570068
121441
623386
162601
810421
707141
220743
639082
91793
946934
835700
15994
630868
986789
437715
962885
691305
801532
279601
740555
284643
508838
939092
702889
43062
309334
466353
223067
828215
562080
306424
890409
596498
541147
13754
60573
71719
353048
210170
155983
145684
277598
320371
118280
996434
726368
428183
595607
340468
472036
88180
856491
540554
346374
792421
177253
709650
282647
429646
372338
936496
66625
833479
995740
578656
838359
893825
276986
612061
896054
99580
140630
695162
435784
878929
803149
820579
125908
527130
153302
546474
266985
976103
963949
183474
812425
550386
750569
27969
721587
340756
329945
609195
572117
857791
875179
134427
567078
223530
484616
282025
833808
570396
433623
658897
886966
527530
254980
297958
654798
853242
903179
764699
828459
137960
572763
244384
282109
699049
435470
853879
551347
587979
863393
436555
13189
776551
734885
950653
458323
635967
447491
727708
908804
275587
954547
110466
784670
845425
7920
767952
243117
139464
559776
747269
775214
46507
373050
142399
155742
172800
848717
850718
236152
323420
196666
92119
127525
87401
585787
521344
816071
203079
62111
779542
364018
381417
245995
782715
409014
290067
656890
518920
641164
616607
560180
101997
699184
484634
935948
230694
901612
321420
138556
629071
92377
506958
576213
963064
922128
959527
534512
563232
669453
882654
247781
809284
99200
493817
99347
432509
556687
769710
839187
386203
486860
635129
900107
755874
703002
871110
922709
854376
957271
176294
12578
906901
283351
382288
711577
121461
64407
227730
613260
923920
625692
997375
836596
937080
334151
864336
188221
447215
236837
565283
458422
947352
20729
921706
865786
402707
847514
841850
528700
648950
794949
505181
476522
687476
91538
158263
629838
564740
980239
632839
795200
649937
849800
931354
353525
157083
195621
684672
687474
834084
304992
364332
228505
60454
224092
720045
637858
943048
933805
404631
225492
163572
336140
887753
585871
369391
182709
521879
615194
845808
644441
720522
747111
988753
434903
945231
515605
661523
727832
993058
453505
901823
417915
231280
548396
143254
146331
141542
771188
962260
996932
3687
668777
778862
258042
676908
11712
513074
336203
113342
33258
249286
560501
882432
30670
179491
561354
689958
588573
585960
607856
254131
889367
273526
203072
834749
694683
929864
245108
116631
292407
176773
69467
886416
597523
741418
200632
136792
627841
3511
261666
196280
376428
295649
255665
997241
930587
604222
787251
907449
393116
516989
953219
413040
597022
957127
501269
412096
647120
892593
425306
15781
418686
709391
172842
76181
710618
333356
48908
697582
102624
124531
846806
184013
468177
85592
892238
371806
829924
404857
145853
645637
237951
772969
64173
677672
263969
714367
807783
357985
536879
209681
302085
666442
316583
744493
943649
384078
196275
727753
688793
21569
764376
276360
896186
668098
329277
655400
745123
909522
551257
799901
407397
974254
241618
501501
656543
321992
355364
653038
588366
321783
830418
644606
228694
376083
743574
622332
703571
531663
472291
98798
489119
848687
841251
440423
116736
412422
33660
454820
736650
251499
771959
29237
650657
742087
662031
395648
134177
373009
467645
861961
401525
657617
499997
653391
762142
915568
328958
818492
806124
366565
881387
17805
946985
201799
160767
36750
637873
46045
797891
962033
263454
60126
243951
714657
96555
588980
598163
321111
251277
530889
998618
545672
355895
362280
141614
8864
536822
661580
314206
772212
717336
424148
572782
745348
417669
11131
865721
646307
994630
398201
544446
588103
693008
176528
217659
145056
263825
242775
939613
470428
392873
943975
924818
173601
429380
923849
16016
962092
852639
469652
297631
901923
304703
982694
499316
400000
793252
219078
983153
165046
805210
883045
424972
12670
405777
632044
255527
865937
400642
69588
303153
330439
861801
580564
698197
192632
753254
95849
589773
802567
409254
176705
527516
639339
26390
585203
53269
374375
602321
966597
323188
821538
220322
847658
720523
79629
438306
632451
803527
47475
890414
277525
746411
116766
873450
904893
268883
31951
223661
984428
880711
112752
51964
605935
252257
29566
506932
485074
398208
968978
692215
757782
488066
992400
236168
585496
890254
299384
434530
714490
909597
492965
255006
920480
6200
404862
363845
278741
680934
410430
94956
392105
434973
688077
304303
758495
132361
839564
796897
460403
100757
147671
169020
893042
484841
779064
955238
893103
704992
659770
943740
328717
944767
986949
560863
329023
100086
175347
108804
741365
700258
492687
817724
353866
316810
263104
919364
134039
920023
632012
118033
567238
603143
342635
92954
570488
995852
783804
696433
366230
589202
325691
439857
653438
757569
825710
620717
934899
678403
491481
442535
605515
403304
764906
390522
761143
141348
839651
434308
447734
493800
34539
244698
372177
419528
282480
615866
144577
965970
707896
901437
841207
397404
853184
961761
853207
10370
611009
348998
168280
611713
410793
601662
864929
693599
656389
357814
458064
870239
909846
703489
163238
510110
695991
483122
146954
563049
938963
322090
221434
983045
430146
169049
604793
913631
152288
938178
386408
53825
513573
510932
749272
837047
156469
702063
488323
784718
703826
132925
84415
474695
128406
602233
892266
810110
631864
4890
486861
897355
362105
633440
757221
945839
236201
117223
796438
660810
877494
144812
264131
592206
242058
699404
833493
538523
691686
309788
915042
810399
889999
74096
68179
261445
605723
707817
119178
521598
842930
755257
168242
180487
242595
974048
19758
950382
334581
284366
590990
776491
710324
771132
346329
358985
108348
234472
398027
731006
808409
828942
30487
923175
439543
972727
481473
461446
19469
265013
962005
29706
263775
824527
281312
333529
120131
715735
770424
173201
978186
784301
221072
266490
374776
887035
910947
549596
422670
399173
270838
468006
178891
985416
577944
537316
901945
945130
719725
220087
609945
100725
467056
488069
18981
444154
276599
900799
755117
703124
420336
140442
792207
90927
35463
549987
884572
666884
125861
802363
42129
504098
329530
16075
529174
297105
652617
741939
669599
655394
203540
989572
828268
621811
994762
625258
258740
967030
728259
889532
912536
548642
210973
836173
824515
81567
311225
277417
195372
455471
238632
147526
372448
282445
19340
83652
108122
455667
303449
788589
165089
398612
745276
722999
969737
303568
803999
252103
988335
85736
912691
680861
979379
50024
186924
471658
67451
652983
527295
445966
166717
176319
956500
731596
104149
622303
897219
134196
795429
864613
712149
442426
932096
845260
203375
82711
790246
300653
606467
372580
435508
486566
484715
592409
345617
502429
42096
425281
93704
638066
43626
138826
482250
513794
310195
394430
827802
503877
696340
130764
503358
793362
246388
22312
947552
696269
985755
505762
720927
487289
868000
409399
830797
195088
285184
535891
155963
604493
573852
892520
336268
493105
240604
627834
412888
618271
401439
683133
460716
864765
159810
401408
297332
808538
23076
768211
59200
293622
616473
91304
512356
261361
100487
319639
260695
449321
724976
297575
287683
828756
119077
945534
290682
705568
66106
552037
391492
133579
65030
475244
615898
606475
455321
212576
898870
505163
409147
596895
342745
730044
694036
280272
674753
820563
674708
414786
842277
913021
320852
607092
46808
925052
841988
356653
14594
402207
692835
804364
254205
477855
642665
492643
309349
83835
837222
697135
327522
607771
58853
644863
818458
704278
351909
427385
755275
147858
379329
69300
606698
956518
754576
736684
711442
499098
588290
983030
105636
842402
701444
686414
955178
821008
42742
117954
774124
542318
581763
507033
43474
657295
45613
923914
416446
140477
511565
336767
529255
60082
255699
953755
761514
769636
610847
323687
370571
940521
376333
511074
657931
531248
188528
768976
168674
677525
514335
717895
458859
558764
533648
337933
123159
473666
929088
741505
594394
856285
358146
809434
909695
78896
234933
154777
902629
470691
453028
594475
301808
598975
178006
413470
149647
655566
421201
569446
323913
853310
794663
662782
496452
941229
301333
197515
789138
784584
816998
107197
572646
191806
28472
25361
210051
860915
872213
239367
376178
912911
622300
480779
449175
163111
233516
339153
707296
192422
97437
793238
29180
175290
539239
246371
317192
253164
65567
757979
726191
407842
266871
12833
475574
296467
699501
356169
440127
598568
510622
90301
871952
269111
498024
723094
219386
632939
112546
395969
157818
204529
176782
221459
664317
309560
848210
447655
247375
556497
460858
28719
768731
217396
290391
305518
247832
747287
454342
173824
364127
693201
203826
409328
989165
381314
485812
590211
92131
508706
319623
139124
601671
714636
535757
700891
449226
153420
196010
186156
386739
828374
209426
599333
618183
543805
3040
316843
587873
149242
22274
801716
301854
11140
794787
134889
196867
606556
694102
508717
439688
41245
429329
386638
945939
448377
211988
748382
140070
525990
677124
934671
729159
841068
600346
513138
110676
819788
556660
49703
698553
652110
432035
823095
524004
207938
504008
250336
156401
943023
47433
819170
77159
903782
662489
826740
587706
179187
21542
72303
755949
229331
807610
812212
959948
383203
87780
308624
136610
912221
535866
512762
345739
31315
262604
959965
500617
791391
410184
10123
50921
947997
170444
983674
978385
859105
907347
529734
833629
73871
732802
866889
141399
244621
691248
975557
839383
733749
776365
130359
959852
906438
242854
430839
16566
791416
169580
982858
87357
48766
964100
883731
711284
59487
263964
786578
47672
39139
163061
78088
194515
94313
342542
388385
601352
282872
609967
66306
524045
314714
998171
935623
313670
803053
907182
185600
341161
417621
883821
126619
37763
460504
67935
989268
547694
372361
910388
698209
485272
18458
574511
599344
476358
154604
531814
190488
677871
85554
382253
186769
399467
952426
868613
917005
691847
259181
285198
102278
578530
867657
955043
702679
982671
779408
230544
569198
690747
601470
107395
347171
427659
498836
140676
427689
243271
743795
625647
816647
178947
86349
819976
326410
70225
5414
80645
557397
378550
393394
839790
793695
415737
94469
159492
785310
614734
223418
713723
59437
794072
425464
929939
811304
63235
548111
871034
188161
754492
283939
753585
118695
733600
636541
624497
818516
928144
340988
635248
839367
30659
614685
912429
546546
890346
639872
892456
825842
244339
318771
576773
578480
94997
448926
278999
149495
823387
310468
522414
3601
747598
891134
627020
662490
965589
267323
606190
904008
956698
732444
998569
751957
736202
770503
218144
561728
69412
647331
826171
282271
579924
358202
45331
430439
812752
836140
520493
618779
949706
434652
24890
472622
770289
281986
951089
32047
597474
521669
710406
614459
11063
578487
154014
190280
425655
60895
957189
13230
278882
5251
502047
709649
870187
583750
971002
772068
15323
119579
460355
118504
845668
795670
521130
466718
419015
134928
422228
25681
193003
819065
585200
443295
511827
493168
962009
673131
835434
830525
864466
518173
578889
789421
89548
70341
105472
749525
434615
568459
109001
569901
882780
547072
764510
458139
738278
494126
545800
682343
376006
52042
877560
963681
618438
184032
35106
776725
936768
505142
548578
768046
925878
531853
276842
681249
338781
228995
750817
658362
278948
985818
132441
807488
167566
809810
34432
974656
879696
748621
174252
397767
13468
363508
277648
479238
239012
22613
329063
492050
801085
757359
418640
753686
776204
695921
702657
981024
186549
955150
416188
704296
25506
140797
965717
876106
88929
864532
706542
802740
107227
210746
485826
391721
512084
468917
218386
520809
642224
22571
696950
618523
984339
269511
453897
536734
866500
562125
393946
516037
699042
92918
38806
452911
48741
390639
215503
452284
973751
565197
652325
208561
480078
14811
36322
194169
889588
802846
314701
840041
570113
681040
860736
260322
420613
449048
690593
332335
511918
118012
880191
838594
265271
990150
842676
413782
713256
639226
315514
776994
615367
62417
939010
681970
686219
87057
885861
774320
780696
524693
665539
128572
65653
567752
791122
690486
499346
592634
939758
28905
947529
240028
955743
898429
927676
336823
186540
133082
730964
725371
508294
161895
655943
632514
379168
498061
456450
113441
515664
514976
890252
414669
871958
440598
625520
883165
658433
295048
115993
10317
990553
122136
948053
228016
494241
824262
701945
639243
635665
633943
644753
656020
355640
655312
672518
276102
750040
754199
877281
641966
959111
275324
339149
939584
337073
666625
924370
763482
747603
860761
334214
169540
375907
571973
129456
349014
550058
353046
644452
537157
152630
19045
790067
674774
212636
556136
330722
662227
90187
690037
630444
559712
384944
100432
620626
517632
230479
147939
371196
346785
82012
368624
126888
96440
847593
214371
797255
115608
827548
272256
945203
490453
832475
263288
35705
144186
220439
125564
256379
816600
752327
365279
417081
534924
538048
828144
684333
347066
942178
261928
78271
62884
170911
502783
271717
676365
828935
280700
937194
613257
909114
253275
199054
240414
852578
469781
798550
695529
865427
971786
77069
940383
976746
766754
690134
928497
662459
189228
209621
562888
450754
124961
724587
958356
34525
367485
815750
779024
805934
611612
790534
510382
380994
431187
674863
892803
996211
670331
524782
699190
782803
423439
101421
85564
230339
829427
778757
331116
629329
487804
59064
514053
312042
26620
995519
326379
649017
836491
435560
272853
334632
323881
144718
215023
151851
319550
413281
331555
987935
939581
78179
586224
12990
569661
986975
741819
593602
645961
912445
490074
708854
910217
963967
237273
487071
736164
717081
840643
696645
633736
921650
758354
885646
199428
761840
303352
779837
809794
65277
104699
718764
634642
265817
818392
794137
671453
436196
57583
40961
847254
469305
917937
10620
515858
694078
592908
490421
497176
891471
623047
551752
827859
460369
452937
257786
934779
411934